0.869895
0.487718
0.157693
0.552675
0.681151
0.090622
0.251061
0.381914
0.900730
0.543299
0.693665
0.105370
0.019689
0.372844
0.776377
0.591459
0.547898
0.715587
0.864681
0.460069
0.081326
0.071602
0.778701
0.460325
0.053718
0.381937
0.966359
0.758911
0.836517
0.630429
0.925221
0.925221
0.925221
0.925221
0.925221
0.259166
0.301064
0.178710
0.243015
0.711577
0.189469
0.656727
0.236694
0.647601
0.120675
0.037796
0.516846
0.073081
0.928463
0.928463
0.928463
0.928463
0.966257
0.925397
0.326802
0.200177
0.392206
0.144290
0.767532
0.886961
0.301930
0.541311
0.414068
0.979070
0.749020
0.248571
0.849279
0.525611
0.030718
0.040960
0.040960
0.040960
0.040960
0.677470
0.863031
0.684328
0.173458
0.341081
0.876119
0.184076
0.592542
0.592542
0.592542
0.592542
0.592542
0.079416
0.050008
0.067527
0.650537
0.475613
0.732342
0.627156
0.863850
0.014438
0.374302
0.734203
0.150626
0.608180
0.718295
0.444175
0.390399
0.882449
0.352027
0.738986
0.866782
0.178712
0.720929
0.372426
0.110494
0.311662
0.085630
0.032556
0.121150
0.263002
0.432990
0.150282
0.230769
0.263796
0.982706
0.585359
0.217381
0.448613
0.569939
0.523090
0.207903
0.165229
0.880617
0.529790
0.838519
0.841211
0.499969
0.094899
0.024224
0.313533
0.361477
0.856418
0.662963
0.517168
0.126070
0.913335
0.875010
0.627506
0.276347
0.757393
0.950088
0.386376
0.590098
0.180796
0.839970
0.621251
0.393222
0.780304
0.782701
0.289086
0.337730
0.242744
0.280984
0.968367
0.027546
0.672198
0.324365
0.427692
0.539848
0.528784
0.102817
0.581264
0.627705
0.552223
0.659041
0.319177
0.043731
0.209511
0.432170
0.882047
0.903638
0.437351
0.612818
0.142465
0.473532
0.532484
0.821284
0.072388
0.475316
0.859395
0.465921
0.131128
0.740492
0.834367
0.518518
0.632379
0.270658
0.650159
0.934774
0.036141
0.036141
0.036141
0.036141
0.036141
0.463873
0.984655
0.682373
0.734146
0.681654
0.292046
0.772113
0.657227
0.763814
0.685267
0.208008
0.704488
0.387377
0.362141
0.147271
0.730458
0.730458
0.730458
0.730458
0.730458
0.730458
0.966907
0.896302
0.772156
0.806969
0.223989
0.601384
0.522190
0.508707
0.508707
0.508707
0.508707