0 0.432854
1 0.116793
2 0.010308
3 0.000083
4 0.000003
5 0.000003
6 0.000003
7 0.000003
8 0.000003
9 0.000003
10 0.000003
11 0.000003
12 0.000003
13 0.000003
14 0.000003
15 0.000003
16 0.000003
17 0.000003
18 0.000003
19 0.000003
20 0.000003
21 0.000003
22 0.000003
23 0.000003
24 0.000003
25 0.000003
26 0.000003
27 0.000003
28 0.000003
29 0.000003
30 0.000003
31 0.000003
32 0.000003
33 0.000003
34 0.000003
35 0.000003
36 0.000003
37 0.000003
38 0.000003
39 0.000003
40 0.000003
41 0.000003
42 0.000003
43 0.000003
44 0.000003
45 0.000003
46 0.000003
47 0.000003
48 0.000003
49 0.000003
50 0.000003
51 0.000003
52 0.000003
53 0.000003
54 0.000003
55 0.000003
56 0.000003
57 0.000003
58 0.000003
59 0.000003
60 0.000003
61 0.000003
62 0.000003
63 0.000003
64 0.000003
65 0.000003
66 0.000003
67 0.000003
68 0.000003
69 0.000003
70 0.000003
71 0.000003
72 0.000003
73 0.000003
74 0.000003
75 0.000003
76 0.000003
77 0.000003
78 0.000003
79 0.000003
80 0.000003
81 0.000003
82 0.000003
83 0.000003
84 0.000003
85 0.000003
86 0.000003
87 0.000003
88 0.000003
89 0.000003
90 0.000003
91 0.000003
92 0.000003
93 0.000003
94 0.000003
95 0.000003
96 0.000003
97 0.000003
98 0.000003
99 0.000003
