1620133493
148852726
1686857409
1620229070
1746040581
1129082859
489649390
274746327
1288924541
1508620883
2067457640
24756391
749922381
1383797706
1703952516
1387858249
170030700
1515244971
576088456
1172165070
1182599076
713793717
973917423
1459066784
7781679
1604993591
1046484473
2117521059
282943382
1316180520
476499131
1016014611
2093266098
355934293
1371766328
696516296
1681863645
2079130223
251366410
623655736
63433730
186903760
1710915662
758841410
1510776289
1833271294
484093405
486321604
1085578192
951746761
222871613
716742629
911089424
265549030
2039102563
1421603924
970370445
1064970849
1765448856
380177856
1751350543
968533271
767767760
517836155
149627125
15723177
970362326
129750348
1380855010
896423937
1284504144
1227526570
1779051897
641193401
1968826032
378274956
1087336761
1660653227
654179454
1560966826
1500588650
1176305317
161672161
57435431
1701355043
667517448
1124403581
945766481
2040057790
5505289
460847492
1286609453
1730588472
1255805127
830784766
1041090858
98494660
507357098
1375968193
1802693992
1518651898
1768215128
70288162
1251543662
5974195
1824262479
1640829196
2015005941
1763167317
1461218299
1792615725
630358205
424738036
3793558
1702507832
583062170
2129215342
1569247914
770291611
14882162
1930356880
1243087494
655049278
500152801
86453560
717201384
168712961
1622696023
337791244
246673579
1285493484
966491511
1033529399
1319245036
1061563705
432603168
1025788191
120655718
638816803
1951570418
434695971
456856001
1868847743
1196859929
1558557959
2099454415
125785609
1963792974
1306718055
815652370
322197912
1065235050
776462554
881339926
1806699287
2140549720
1206714850
697320542
381990451
987234284
1190230332
489632557
1857667330
327847302
1441496246
1237699850
244271564
964196615
1341342021
288529827
383479589
1094469271
731517973
370789736
1538486638
906573186
149745423
1897249264
1702147628
876830843
1221112592
612370737
122498298
338634626
1274620245
316914333
908760352
1100810625
1055689770
606303102
682140733
1027926083
761598385
691815262
855304618
1312422591
1535693151
1394317718
1353877033
974548121
212633149
2139113465
555362411
614188180
416557156
2057744942
585883923
1930584047
1715879076
1663744673
2043561767
352633609
605993298
942479071
1332420024
293400314
1061005999
518963028
1377470575
1079936944
206158842
745241973
1928385615
2139525074
1003258034
1920481090
336986069
183623775
1872582380
755366050
895646391
455088282
1333796497
1425537153
2107202518
210327507
1348188687
957920479
1483911853
478388050
458264357
1239022392
377016544
1738229793
401265366
1159634033
1394878561
1106080500
441289978
1144974834
742124455
566886561
163388174
1071920149
327285298
1986986267
1801693692
1580800082
353687531
133341865
1517658423
2051864655
760214565
1346244746
1394595513
1602513392
1699038274
2079549464
1546723346
1362242828
406810517
512074651
132786812
92247149
1116937313
1241427241
1518564912
1252165425
8786107
1332800373
794662456
1392617942
809746423
61159882
181186075
2082994765
477664511
649017153
392976854
1096925666
966853317
1997026255
1336677507
469230412
1552634556
601361588
442377255
546030446
1171179640
1461109799
2030593039
1940362308
1844206684
971225225
1183160116
1599614057
111536503
340464368
403381049
646193978
464241917
8345321
1094051448
11259202
1161566096
1470113155
721506269
1405449390
1704887629
507929196
149858211
743093883
1409216271
1709608726
1893253031
1621129278
1455874622
1116630473
36366719
520189862
452775029
95124654
1105811185
1592510605
1729765012
1403779263
2060499407
2141017938
1082947750
987345703
1911462072
1038728435
2090465932
1622295468
1135764936
1177281818
1985304700
615337617
625496869
1606847403
13320727
2087401457
862532517
1248568517
1636595116
626713754
549421905
472942939
1673317449
471753193
2090240090
102655056
773957837
724209731
778357247
1607232940
1046716504
718014461
1480602848
1707245642
2055013551
222804209
1851917937
949355999
643501907
2039350476
922660556
366835843
712514557
948589452
1274619060
135066131
1955489493
2083100939
672179923
110839362
1829338681
1036661636
1029390719
764041060
1259643179
111667328
650429773
1731438481
1569548746
706332487
940883029
870536075
1694479211
2037497568
301532651
798885313
334496853
1517160654
1674080936
889296550
789625956
821060556
1479467050
655516412
937559675
1598216306
55763870
479847931
1127422100
1969418568
370715133
1412342436
308883535
2069099558
915737510
621721291
1811876339
997935547
1847797237
2045391889
867817212
368832320
1817393281
526340516
1218542102
78802838
969095669
146985573
125681069
1113460028
879513944
599298397
1030479519
1687766376
1103202257
1368666372
934315516
747116903
438695296
1401556884
1621732855
1099010986
824021348
1721324081
1314598043
1991120997
274998133
590534974
2040169692
2036270760
1716492319
819424122
847468528
1107549337
692514797
795917575
1841982295
610108881
993441472
1468222414
871249776
207184206
1754795510
304241913
928536882
495886207
1450482509
1000869741
734367707
1436631214
322558004
1593646508
1979993702
535576647
240221057
986507394
1168175177
110235095
1991410781
275484946
607506034
1270009569
2086681483
60972285
84331093
2100448046
1582668641
423945748
1602882648
93646575
815837809
807090891
126361922
612016378
1331802994
742753072
1658872477
1849813924
2136158304
124152206
1260906061
479894846
1623727511
2111269751
1863362990
774746569
1137586647
368246490
351679798
1234237626
1867764192
1475308173
1842269691
829739686
940941010
1903950096
1031008497
750454479
1140201889
1586378872
771673260
1387798383
1795479253
1025724829
588824094
1683158195
2089469505
1688257661
41137521
1467716248
1324405592
1036441956
1460543991
715182802
353653369
1309343464
367719819
887102888
158219425
15390827
2025306525
1056148159
562048095
1604064284
967435871
1585264149
995933
352288258
113635244
1914802157
1221549087
1592615242
1626320173
1604984331
97578552
384099470
1171440533
1942693813
2037169801
189190598
176087685
1001479841
101193556
1638623544
273755511
682117413
335120379
937089857
459483489
1598496502
2014965698
532463472
1275359954
624927565
1726948086
2022168133
441089262
2080119390
82448777
757111618
829717692
1851508887
1566478038
978794975
1035705636
435539921
264920154
1942110270
1295677030
557842569
1233672350
630693592
1308691380
69560782
2134588621
1747344445
118417783
1981660736
2092484780
1563373701
1242779892
1883894455
819433368
900496508
2098075265
842768219
1890866131
711541932
2036791145
295730372
1607775115
693235135
1346960854
1263605072
1340384286
125185107
530925099
1943380578
1540116991
1317985218
7248867
527488928
1486731600
802705213
2020133574
1252451568
994026754
1059134292
325615279
1485465947
854750841
2101680096
1472246968
588550760
446486816
208105272
1919805767
204367033
1974625060
487609168
2105507831
1180216380
1538263792
1145554898
267122740
1382394988
2094188251
360065873
1086684815
136348235
707668963
1986907315
1080047707
1739044801
1050862947
606980457
1819231058
1960938069
1879063861
926406625
1442546517
1120576534
1497909403
660719044
281775393
1970282202
1141520786
1469435439
1853496571
981273964
1140166915
1765763001
1227967611
2021925528
390743094
958250778
962166471
1075057083
1411986072
749702797
385359758
535722175
234723573
1600965389
918670559
697612367
2023010127
723268152
1895109143
2063041914
1398558537
1971658200
805152709
525833587
487524115
1763416599
1848037736
252280770
9329093
2023497806
140518217
839353479
889518245
1119538786
12848015
775512329
1908906097
1624647913
1498918517
636230291
1278534237
711842857
403818369
914365987
669886139
1341147115
1364006670
826449052
1595638577
743185008
833601242
872409496
2118384219
1161598849
352571615
1308778072
2049992384
462710530
837260909
719474568
19973014
170067756
2093638629
1490020951
795020998
1002796502
1604419649
76162284
77296112
897655660
888106626
2060973580
2079571013
1096942468
1753276979
129011674
1729555071
1009746029
1295596238
1070019962
438005644
1571755829
1800538814
1470261865
738195598
160219006
279383961
269433939
449909400
980819601
1035309795
1828952724
1408910706
145607622
1043498438
500156885
1140960400
1376445727
1572347179
524366846
919657821
1789361354
758294791
1410513108
1277688053
1263906923
1353680337
782895419
1636591105
1172130691
2144130626
2014109977
1596716642
1931622946
1942296000
1184639303
993091996
1913511955
737828655
812107331
1420390477
33547262
873906605
1241694561
1744945723
895619957
1938629181
731716433
2005318342
261958701
824361875
367117219
125631365
1421357011
1309686942
731493082
14511300
1209180937
1581483025
1251431968
569733454
773054155
761814564
1748741163
2020626319
272296305
1309814220
367474769
772559051
151421958
1874812474
517356116
1647955384
630258032
2029928903
113416215
1881258277
813057697
243757310
1115238452
277531428
814404527
2026948281
875307585
823227429
586786029
1909644584
292396382
683195550
344587435
656860766
1017819515
1344474020
886224589
97708776
1705131311
1241514150
1962585852
1553931486
1773002468
1717139333
780231523
1316446995
741932943
1995282319
417799703
1544524028
895294832
1119012782
182262082
1635498814
1591961762
111961935
1850508100
2097473755
1895568689
1688331769
998946063
1600944469
709454014
679915736
1953402577
415389287
818470516
335249535
603639979
740642343
552794018
1455182059
371014051
1731845390
924817959
647415656
2129988628
1517159380
1549619617
1819212711
126547584
2056752308
1621520419
1945750698
67782896
125794843
1391513671
876395384
838665420
1881626815
1733450638
1539763754
482435301
260430964
959030955
1240109817
19278377
2030596640
1393896672
1718475546
220289436
2082256483
1277763643
1226847183
1271925346
1732428795
1342549174
426364306
2034148389
1709555747
618955297
1931274236
1951560394
131548822
1495767272
512169339
1546811109
1180376168
1258110395
646036520
1220730054
1240444430
1355690569
93296408
206120359
2088051007
457550424
1463309331
1538745176
1459600588
1297398874
455601861
271228455
1373817440
1895717733
1911890943
103351979
1384759719
524176814
553914211
1133424635
1555372829
218839518
1852602229
318573018
497129847
989005450
165214579
441226089
642089107
1411402331
1158424313
1411348128
826313212
1873756513
518338467
1874708994
303188912
797426161
1703649558
1173026663
584487423
1006027465
1274782370
141250374
1636713729
175884232
919923368
1043354780
1375273654
978980356
1629325145
1819839769
652270566
1940821551
1585781461
261732234
980913032
772487239
567529606
2025083232
318906670
704414083
1640716176
837582971
369912860
614634655
614634655
614634655
614634655
