0.869895
0.487718
0.157693
0.552675
0.681151
0.090622
0.251061
0.381914
0.900730
0.543299
0.693665
0.105370
0.019689
0.372844
0.776377
0.591459
0.547898
0.715587
0.864681
0.460069
0.081326
0.071602
0.778701
0.460325
0.053718
0.381937
0.966359
0.758911
0.836517
0.630429
0.925221
0.259166
0.301064
0.178710
0.243015
0.711577
0.189469
0.656727
0.236694
0.647601
0.120675
0.037796
0.516846
0.073081
0.928463
0.966257
0.925397
0.326802
0.200177
0.392206
0.144290
0.767532
0.886961
0.301930
0.541311
0.414068
0.979070
0.749020
0.248571
0.849279
0.525611
0.030718
0.040960
0.677470
0.863031
0.684328
0.173458
0.341081
0.876119
0.184076
0.592542
0.079416
0.050008
0.067527
0.650537
0.475613
0.732342
0.627156
0.863850
0.014438
0.374302
0.734203
0.150626
0.608180
0.718295
0.444175
0.390399
0.882449
0.352027
0.738986
0.866782
0.178712
0.720929
0.372426
0.110494
0.311662
0.085630
0.032556
0.121150
0.263002
0.432990
0.150282
0.230769
0.263796
0.982706
0.585359
0.217381
0.448613
0.569939
0.523090
0.207903
0.165229
0.880617
0.529790
0.838519
0.841211
0.499969
0.094899
0.024224
0.313533
0.361477
0.856418
0.662963
0.517168
0.126070
0.913335
0.875010
0.627506
0.276347
0.757393
0.950088
0.386376
0.590098
0.180796
0.839970
0.621251
0.393222
0.780304
0.782701
0.289086
0.337730
0.242744
0.280984
0.968367
0.027546
0.672198
0.324365
0.427692
0.539848
0.528784
0.102817
0.581264
0.627705
0.552223
0.659041
0.319177
0.043731
0.209511
0.432170
0.882047
0.903638
0.437351
0.612818
0.142465
0.473532
0.532484
0.821284
0.072388
0.475316
0.859395
0.465921
0.131128
0.740492
0.834367
0.518518
0.632379
0.270658
0.650159
0.934774
0.036141
0.463873
0.984655
0.682373
0.734146
0.681654
0.292046
0.772113
0.657227
0.763814
0.685267
0.208008
0.704488
0.387377
0.362141
0.147271
0.730458
0.966907
0.896302
0.772156
0.806969
0.223989
0.601384
0.522190
0.508707
0.750205
0.568336
0.511621
0.436878
0.627470
0.221150
0.197301
0.385886
0.666720
0.813488
0.912636
0.892685
0.719471
0.132727
0.752680
0.527665
0.835409
0.461097
0.368824
0.246029
0.696993
0.771035
0.418786
0.058502
0.439109
0.524383
0.492446
0.488370
0.911137
0.453578
0.262532
0.166702
0.077243
0.444972
0.525774
0.442360
0.158179
0.117060
0.370317
0.662471
0.047551
0.161171
0.603922
0.751914
0.270638
0.178876
0.186734
0.631112
0.973378
0.710044
0.767084
0.721919
0.365800
0.502227
0.014541
0.545544
0.351552
0.602089
0.356256
0.470533
0.559494
0.160065
0.994988
0.010206
0.867260
0.467517
0.872653
0.559606
0.028415
0.974571
0.226532
0.105048
0.226829
0.533559
0.061139
0.209979
0.653500
0.366862
0.161220
0.616854
0.097317
0.662824
0.273807
0.208423
0.284264
0.345178
0.703109
0.088880
0.157363
0.513023
0.626530
0.839136
0.093045
0.928519
0.583066
0.282745
0.629744
0.650352
0.167998
0.205774
0.041770
0.963058
0.001178
0.674816
0.674377
0.377044
0.910841
0.580938
0.422177
0.258151
0.054830
0.685625
0.486465
0.588126
0.194753
0.106725
0.344852
0.981401
0.121721
0.504571
0.844056
0.097006
0.097794
0.758783
0.187402
0.525215
0.557831
0.926807
0.546817
0.698759
0.308834
0.978094
0.875268
0.999716
0.615712
0.793088
0.385901
0.214666
0.568038
0.003667
0.990384
0.997672
0.739722
0.592510
0.439413
0.028109
0.096754
0.401932
0.965698
0.969011
0.905935
0.041179
0.652193
0.775532
0.229294
0.975671
0.308081
0.767892
0.897823
0.334341
0.651672
0.085483
0.368654
0.720448
0.889063
0.915762
0.451558
0.086835
0.212785
0.323983
0.641566
0.661756
0.272998
0.997449
0.790050
0.508058
0.694241
0.190148
0.080956
0.397247
0.600055
0.765018
0.269948
0.155365
0.714219
0.924812
0.779001
0.305431
0.016214
0.222820
0.634670
0.247985
0.324419
0.391807
0.348729
0.375394
0.102062
0.000397
0.992264
0.854743
0.635110
0.062267
0.366122
0.466110
0.670578
0.188600
0.419809
0.634160
0.874718
0.149602
0.815020
0.172230
0.665409
0.289092
0.328390
0.364156
0.923390
0.377611
0.794122
0.671848
0.532651
0.769949
0.297033
0.696687
0.430076
0.395198
0.371287
0.162178
0.740056
0.694369
0.595105
0.031945
0.484948
0.808007
0.253276
0.743770
0.340302
0.738387
0.917827
0.809086
0.281364
0.593000
0.771711
0.689346
0.206449
0.580212
0.442240
0.320049
0.021713
0.206258
0.607910
0.060917
0.463747
0.585547
0.234379
0.729478
0.598917
0.168394
0.077656
0.882395
0.241455
0.085658
0.074765
0.610882
0.533763
0.371467
0.767168
0.089886
0.231688
0.612489
0.070067
0.981809
0.664444
0.039612
0.007943
0.026204
0.384614
0.933092
0.517569
0.555856
0.361114
0.193006
0.359707
0.359198
0.958326
0.057461
0.313653
0.697376
0.189473
0.720197
0.658994
0.446812
0.858262
0.502986
0.923878
0.427163
0.986165
0.413275
0.903061
0.937266
0.744159
0.889779
0.033996
0.035910
0.324143
0.420884
0.502507
0.026744
0.247600
0.736600
0.588572
0.456470
0.783933
0.920608
0.642218
0.548381
0.852600
0.444191
0.025315
0.110064
0.236208
0.332594
0.398644
0.099485
0.889068
0.817722
0.999849
0.052377
0.143938
0.470776
0.830859
0.172534
0.457316
0.570054
0.096825
0.832088
0.211067
0.071748
0.524021
0.255955
0.007318
0.890730
0.347869
0.790949
0.916092
0.277964
0.280880
0.430409
0.067222
0.220827
0.680583
0.497080
0.217598
0.501360
0.740061
0.154709
0.830991
0.754546
0.988545
0.670668
0.807219
0.651588
0.399129
0.826295
0.082461
0.630397
0.100037
0.654693
0.696305
0.059255
0.913367
0.183746
0.259402
0.923218
0.483786
0.152585
0.542517
0.379103
0.886170
0.407996
0.252520
0.731675
0.165871
0.670193
0.542420
0.298542
0.943412
0.200145
0.420580
0.450762
0.717249
0.195370
0.407520
0.201411
0.779872
0.262321
0.647800
0.384949
0.380363
0.675847
0.784591
0.378570
0.456677
0.930817
0.702078
0.781622
0.984925
0.679092
0.551466
0.686134
0.489910
0.363729
0.942450
0.951381
0.803821
0.245595
0.601617
0.316415
0.202880
0.935551
0.628810
0.324283
0.694165
0.006179
0.883879
0.576969
0.640768
0.511499
0.689377
0.906031
0.090107
0.081610
0.775792
0.750018
0.645256
0.883628
0.402741
0.887800
0.211287
0.342538
0.586293
0.468955
0.860204
0.810279
0.443333
0.042779
0.867936
0.225165
0.522413
0.622399
0.660751
0.441734
0.713939
0.160399
0.223513
0.020392
0.422443
0.036867
0.469800
0.832228
0.563455
0.446574
0.999396
0.075120
0.646920
0.689478
0.203545
0.371163
0.460746
0.842710
0.034498
0.494065
0.352448
0.739589
0.378077
0.735380
0.446824
0.372924
0.853692
0.968029
0.145562
0.808284
0.788719
0.266592
0.711009
0.933724
0.972403
0.202449
0.958721
0.147099
0.513854
0.278330
0.064433
0.406899
0.099298
0.418737
0.032436
0.593968
0.406468
0.070620
0.969861
0.862985
0.432134
0.267116
0.007471
0.727652
0.296693
0.482005
0.657237
0.279251
0.263832
0.001396
0.925009
0.117423
0.455924
0.448955
0.192387
0.368049
0.377374
0.015375
0.049379
0.906171
0.749010
0.707199
0.277079
0.162783
0.684438
0.837179
0.759543
0.940925
0.142645
0.641251
0.701820
0.959552
0.644466
0.464039
0.717954
0.039918
0.758386
0.873211
0.733566
0.576377
0.200173
0.027451
0.368159
0.175182
0.358256
0.845835
0.825734
0.139270
0.780313
0.164045
0.973520
0.965230
0.951078
0.767372
0.874435
0.102648
0.757306
0.034323
0.098474
0.636269
0.025939
0.516805
0.287491
0.321872
0.259384
0.566071
0.689879
0.964810
0.369742
0.325602
0.075930
0.318785
0.558347
0.958701
0.562614
0.113551
0.077074
0.440225
0.286432
0.432368
0.248014
0.778720
0.529740
0.578851
0.475710
0.143659
0.332701
0.384877
0.815553
0.547870
0.938548
0.966719
0.291777
0.380186
0.169042
0.124025
0.810992
0.354949
0.646274
0.240214
0.838251
0.673625
0.846318
0.062001
0.402080
0.040038
0.271291
0.356250
0.413702
0.141278
0.548989
0.999799
0.168047
0.700713
0.288547
0.936305
0.324801
0.297750
0.668431
0.832990
0.969621
0.411139
0.879785
0.803981
0.503824
0.876230
0.210562
0.412795
0.230777
0.192931
0.054436
0.646121
0.739165
0.550355
0.303622
0.478108
0.256373
0.514156
0.656637
0.429644
0.263397
0.213275
0.181904
0.852569
0.739578
0.932004
0.174735
0.173250
0.521996
0.321497
0.106951
0.098862
0.688853
0.499481
0.931156
0.505950
0.235000
0.668512
0.345295
0.829585
0.566580
0.878886
0.339714
0.655215
0.775742
0.687329
0.776318
0.246017
0.399209
0.810660
0.674624
0.524918
0.035835
0.326528
0.714512
0.466002
0.917701
0.022407
0.397025
0.119125
0.654334
0.055460
0.592644
0.895822
0.046974
0.322219
0.023093
0.631222
0.040568
0.440058
0.113863
0.036171
0.250949
0.288979
0.736200
0.820741
0.214557
0.821186
0.177677
0.799054
0.423491
0.946249
0.968410
0.505512
0.535221
0.764056
0.851631
0.680648
0.858805
0.750554
0.377730
0.985539
0.447496
0.399487
0.523733
0.849825
0.319814
0.393808
0.373545
0.297201
0.844890
0.557850
0.861485
0.799101
0.208124
0.315295
0.120951
0.178140
0.107559
0.193620
0.776168
0.578517
0.839518
0.384206
0.871644
0.121830
0.742664
0.413055
0.918177
0.324438
0.761812
0.712154
0.940568
0.451209
0.467921
0.679420
0.688274
0.340071
0.230261
0.740855
0.405683
0.818439
0.542365
0.752496
0.443650
0.586842
0.716668
0.088224
0.189290
0.705362
0.184262
0.901299
0.642718
0.400328
0.965647
0.974884
0.003868
0.519678
0.024818
0.006775
0.349107
0.673930
0.892613
0.723010
0.301588
0.739113
0.813155
0.358386
0.881782
0.328853
0.899897
0.218759
0.097061
0.449999
0.010610
0.590347
0.050390
0.425492
0.026431
0.024905
0.576875
0.813868
0.404430
0.845903
0.845903
0.845903
0.845903
